0.25 1 1 0.942857 0.819048 0.638095 0.559524 0.509524 0.490476 0.47381 0.464286 0.440476 0.454762 0.414286 0.390476 0.37381 0.338095 0.32381 0.309524 0.292857 0.290476 0.271429 0.269048 0.264286 0.257143 0.25 
0.5 1 1 0.910053 0.691799 0.469577 0.390212 0.371693 0.347884 0.339947 0.321429 0.300265 0.28836 0.276455 0.251323 0.234127 0.206349 0.186508 0.171958 0.167989 0.157407 0.157407 0.150794 0.141534 0.141534 0.140212 
0.75 1 0.990642 0.839572 0.557487 0.344251 0.274733 0.253342 0.24131 0.229947 0.214572 0.201872 0.186497 0.170455 0.154412 0.141711 0.124332 0.106952 0.0975936 0.0889037 0.0842246 0.0842246 0.0795455 0.0775401 0.0741979 0.0708556 
1 1 0.973654 0.718298 0.400984 0.219166 0.175449 0.158367 0.154603 0.13839 0.127678 0.117255 0.111175 0.102779 0.0949624 0.0781702 0.0587724 0.0515345 0.0471917 0.045165 0.0414013 0.0396642 0.036769 0.0350318 0.0327157 0.0321367 
1.25 1 0.937669 0.582914 0.261711 0.128146 0.0993677 0.0880114 0.0824623 0.076526 0.0681378 0.0649116 0.0605239 0.0535553 0.0451671 0.0357465 0.0294232 0.0243902 0.0214221 0.0209059 0.0180668 0.0170345 0.015873 0.0150987 0.0145825 0.0138082 
1.5 0.999792 0.879462 0.435658 0.158831 0.0719697 0.0572333 0.0519925 0.0478933 0.0441054 0.0391241 0.0362183 0.0330012 0.0288501 0.0239207 0.0174865 0.0136986 0.010274 0.00892487 0.00866542 0.00788709 0.00731631 0.00669365 0.00638232 0.00591532 0.00581154 
1.75 0.99916 0.787403 0.301933 0.0888583 0.0383841 0.0309129 0.0273221 0.0246 0.0218635 0.0195468 0.0171722 0.0151307 0.0129009 0.0100195 0.00667487 0.00453196 0.00370665 0.00299718 0.00283791 0.00241801 0.00214291 0.00199812 0.00186781 0.00175197 0.00169406 
2 0.996869 0.670588 0.195099 0.0458322 0.0195067 0.0157197 0.0137476 0.0124153 0.010826 0.00968256 0.00857583 0.00717538 0.00592178 0.00426956 0.00285861 0.00186203 0.00143717 0.00122212 0.00114869 0.00102281 0.000902167 0.000797264 0.000771038 0.000708096 0.000676625 
2.25 0.990518 0.537625 0.116474 0.022052 0.00918997 0.00737882 0.0064575 0.00568366 0.00498439 0.00436466 0.00383606 0.0031517 0.00243254 0.00166367 0.000977656 0.000609792 0.000427518 0.000377806 0.000366207 0.000306553 0.000268441 0.0002469 0.000225358 0.000207131 0.000205474 
2.5 0 0 0 0 0 0 0 0 0 0 0 0 0 0 0 0 0 0 0 0 0 0 0 0 0 
2.75 0 0 0 0 0 0 0 0 0 0 0 0 0 0 0 0 0 0 0 0 0 0 0 0 0 
3 0 0 0 0 0 0 0 0 0 0 0 0 0 0 0 0 0 0 0 0 0 0 0 0 0 
3.25 0 0 0 0 0 0 0 0 0 0 0 0 0 0 0 0 0 0 0 0 0 0 0 0 0
